001961
003418
004540
004574
004940
005636
006970
007403
008585
008635
009389
009596
009775
009943
009970
010378
010393
010433
010450
014483
014629
014764
015148
015573
015687
016861
017235
017345
018268
018465
018548
018562
020851
020957
020992
021370
025894
026641
026883
028996
029218
029230
029870
030126
030395
030430
030811
030875
034313
034501
034813
035726
035899
035932
036133
039856
040616
041925
042012
042416
043020
044427
045753
046906
047007
047184
047762
048198
048302
048363
049766
052836
052884
053248
054496
054798
055207
055976
057386
057644
058274
059005
059088
059386
059416
061768
062167
063347
063549
063690
063754
063963
064100
064146
067423
067826
068009
068436
069995
070492
070730
071017
071278
071518
071650
072067
072271
072507
073356
073742
074896
076352
076440
077034
077213
077298
077344
077414
079007
079375
079827
080178
080854
081796
081934
083454
083459
083849
084373
085424
085980
086839
087176
088914
090136
090390
090643
091704
093655
094189
094621
095040
095523
096340
097507
099279
100592
101398
101972
103609
103952
105237
117115
122882
124163
124552
125522
125629
126171
127157
127252
128168
130795
131458
133260
133601
133981
134617
134622
134741
135010
135800
137883
138249
138699
139152
139456
140164
140302
141103
142081
145645
146820
147825
148012
148346
148566
148971
149741
149922
150192
152281
153921
154113
154157
154658
155050
156460
156953
158285
158335
158740
159371
159485
160073
160442
162253
162422
162567
162662
162702
162992
163250
163703
164580
164805
164937
165018
165032
165143
166983
169083
169610
170650
171120
171255
171877
172245
173758
173944
174824
175434
177779
178726
180886
181696
181748
181771
182354
183172
183518
184290
184731
185045
186135
186235
186275
186284
187163
187266
187875
188382
188461
188548
189171
190256
190389
191597
191666
192399
192713
192737
193257
194153
194313
194316
194830
196219
198455
199045
200429
200957
201156
201972
202402
202709
203196
205014
207629
207783
208180
208310
209465
210019
210066
211797
211844
215460
216456
217359
255736
255757
256677
257296
257735
258042
260640
262422
262441
262722
263630
263830
263870
263909
264993
266591
266676
266955
267732
267793
267982
268673
268952
269560
270502
270889
272836
274106
274498
275140
275595
275919
276689
277703
278775
279070
279437
280170
280340
280663
280844
281976
283041
283903
285133
286172
287360
287454
287501
288100
288163
288894
288930
289763
290238
290594
291046
291088
292841
292997
294081
294812
294978
295288
295491
295727
295935
296357
296406
299148
299169
299524
302465
303728
303922
304759
305187
305681
306740
307170
307209
307250
308088
308297
308387
309168
309258
310018
329692
341397
341435
342807
342811
343035
345182
345455
346627
346960
348247
348369
349020
351058
351561
351727
351840
352068
353684
354336
354860
355325
356361
356705
356920
358063
358702
359014
359287
359433
360698
360937
361316
361348
361545
363234
363633
371492
372582
374000
381455
385281
390330
392826
396880
398243
