395149
395640
396874
397066
398152
399348
385436
388799
390330
392826
394662
376320
371492
372582
374000
130795
131458
131965
001325
133260
133601
133981
134617
134622
134741
135010
135800
137883
138110
138249
138699
139152
139456
140164
140302
141103
142081
014483
145645
014629
146820
014764
147825
148012
148346
148566
148971
149922
150192
015148
152281
153921
154113
154157
154658
155050
015573
156460
015687
158285
158335
158740
159371
159485
162253
162662
162702
162992
163250
163703
165032
166983
016861
169610
171120
171255
171877
058009
172245
173758
173944
174824
175434
177779
178726
181696
018268
184290
184731
186135
186235
186275
187163
188382
188461
189171
190389
191597
192399
193257
194153
194313
194830
001961
198455
199045
200566
200668
202402
202709
203196
205014
206303
207348
207783
208180
208310
020957
210019
210153
210875
211709
211844
211933
212369
021370
214912
216281
217485
217542
217747
219262
219984
220214
221664
022273
223040
223912
224117
224123
022461
224906
022533
225632
225861
226715
227515
227605
228154
228731
002288
228944
022900
229100
229142
229410
229442
229480
229623
230176
231203
231724
002317
232106
232157
232278
234261
235190
235211
235423
235462
235576
023620
236648
238839
239035
023926
240287
241108
024132
241739
241855
242303
024306
243369
243799
024385
245160
245928
247097
247226
248027
248124
248616
249123
249889
250878
251475
251755
251774
252791
253807
254908
025516
255261
255736
255757
256677
257296
257735
258042
025894
260640
262422
262441
262722
263630
263830
263870
263909
264993
266591
266676
266955
267732
267793
267982
268673
026883
268952
269560
270502
270889
272836
274106
274498
275140
275595
275919
276689
277703
278775
279070
279437
280170
280340
280663
280844
281976
283041
283903
285133
286172
287360
287454
287501
288100
288163
288894
288930
289763
028996
290238
290594
291046
291088
029218
029230
292841
292997
294081
294812
294978
295288
295491
295727
295935
296357
296406
029870
299148
299169
299524
030126
302465
303728
303922
030395
030430
304759
305187
305681
306740
307170
307209
307250
308088
030811
308297
308387
030875
309168
309258
310018
310032
311138
031113
311987
313126
313558
313714
313825
314024
314711
314880
314938
314974
315763
031674
317326
317480
317594
317846
322225
323248
323449
324337
325292
325330
325538
325741
326112
326439
327766
327867
328828
329807
329991
330275
330966
331662
332068
332105
332476
332785
332972
333628
333672
334388
334808
334928
335225
335490
335815
336049
336285
336305
337971
339176
340891
341435
341750
343035
034313
034320
343336
343813
346074
346563
034858
034995
351840
351950
352068
353684
353891
354474
354555
354860
356361
356705
357217
358063
359014
359287
035932
359433
035993
362073
363428
363482
363633
363685
363873
364454
365154
365630
365688
366586
366946
036753
367586
368431
369087
369210
369608
369957
371300
037179
372665
372903
374344
374604
376503
377347
037794
379701
380048
382073
382257
038358
384229
038523
388121
389136
389298
389498
391012
039173
039383
395218
396046
396880
398243
039856
040616
041925
042012
042085
042416
042530
043020
044427
004540
004574
045753
045972
046500
046906
047007
047184
047891
048198
048201
048302
048644
005265
052836
052884
054269
056408
005760
057644
058274
058878
059088
059386
059655
059685
060396
061079
061721
061768
062167
063347
063549
063690
063754
063963
064100
064146
067423
067826
068009
068436
006970
069995
070492
070730
071017
071278
071518
071650
072067
072271
072507
073356
073742
007403
074896
076352
076440
077034
077213
077298
077344
077414
079007
079375
079827
080178
080221
080814
080854
081116
081796
081934
083454
083459
083563
083849
084373
085009
085424
008585
085980
008635
086839
086914
087176
087368
088914
088954
089136
090136
090390
090643
091704
093655
009389
094189
094621
095040
095523
009596
096340
097507
097548
009775
099279
009943
009970
010378
101864
103519
103609
103878
104703
105237
124492
124552
125522
125629
126086
126134
105326
105518
105719
106150
107292
107608
107692
010820
108338
109263
110441
110908
111583
112579
011257
112661
114849
114941
115029
115566
115653
117893
011806
118668
118679
118770
012047
120724
120992
122514
122564
128808
128908
130216
130647
